# Parametri:
# * N (lunghezza)
# * M (lunghezza del periodo)
# * A (lunghezza dell'antiperiodo)
# * S (seed)

10        3      2      1
100       30     20     2
100       50     30     3
1000      500    300    4
1000      500    300    5
1000      500    300    6
1000      500    300    7
1000      500    300    8
1000      500    300    9
10000     5000   3000   10
10000     5000   3000   11
10000     5000   3000   12
10000     5000   3000   13
100000    50000  30000  14
100000    50000  30000  15
100000    50000  30000  16
100000    50000  30000  17
1000000   500000 300000 18
1000000   500000 300000 19
