# N         K           D   T   S

#ST: 5
0           0           0   0   0

#ST: 10
4           0           80  1   1
10          25          45  1   2
100         345         15  1   3
500         931         35  1   4
250         0           20  2   5
377         0           60  2   6
400         0           50  2   7
500         0           6   2   8
0           0           0   3   9
0           0           0   4   10

#ST: 27
700         100         25  1   11
1000        1234        20  1   12
2000        6438        30  1   13
5000        4354        40  1   14
1537        0           35  2   15
4009        0           95  2   16
4591        0           70  2   17
5000        0           40  2   18
0           0           0   3   19
0           0           0   4   20

#ST: 48
50000       81928       30  1   21
400000      666666      25  1   22
800000      999999      35  1   23
1000000     1111111     28  1   24
500924      0           60  2   25
900381      0           98  2   26
999999      0           25  2   27
1000000     0           35  2   28
0           0           0   3   29
0           0           0   4   30

#ST: 10
5000000     5328115     30  1   31
10000000    12224210    35  1   32
15000000    57739292    25  1   33
20000000    999999999   32  1   34
18000000    0           40  2   35
19000000    0           90  2   36
20000000    0           15  2   37
20000000    0           30  2   38
0           0           0   3   39
0           0           0   4   40
