# File usato per descrivere gli input. Le parti della riga dopo un # vengono
# ignorate. Le righe non banali (ovvero contenenti qualcosa oltre a whitespace
# prima del primo #) vengono passate al generatore e generano un input ciascuna.
# Se una riga inizia con "#ST:" (senza le virgolette) viene usata per delimitare
# un subtask. "#ST:" va seguito con il punteggio assegnato a quel subtask. Se
# sono presenti i subtask, è necessario che la somma dei punti di ogni subtask
# sia 100.

# N             L                   P                   U       S

# Subtask 1: Esempi
#ST: 0
testo/lungomare.input0.txt
testo/lungomare.input1.txt

# Subtask 2: U = 0
#ST: 13
30              100                 20                  0       2
1000            1000000             600000              0       3
1000000         1000000000000000000 499999999999999990  0       4
10000000        1000000000000000000 499999000000000000  0       5
10000000        1000000000000000000 3461426000000000    0       51

# Subtask 3: U = 1, N <= 100
#ST: 11
100             1000                100                 1       6
100             500000              2000                1       7
100             1000000000          20000000            1       8
100             1000000000000000000 5000000000000000    1       9

# Subtask 4: U = 1, N <= 10.000
#ST: 12
100             1000                100                 1       6
100             500000              2000                1       7
100             1000000000          20000000            1       8
100             1000000000000000000 5000000000000000    1       9

10000           50000               3000                1       10
10000           1000000             20000               1       11
10000           1000000000          600000              1       12
10000           1000000000000000000 600000000000000000  1       13

# Subtask 5: N <= 15
#ST: 20
testo/lungomare.input0.txt
testo/lungomare.input1.txt

8               100                 50                  2       14
10              1000000             200000              3       15
12              10000000000         500000000           2       16
15              1000000000000000000 10000000000000000   3       17

# Subtask 6: N <= 10.000
#ST: 10
testo/lungomare.input0.txt
testo/lungomare.input1.txt

100             1000                100                 1       6
100             500000              2000                1       7
100             1000000000          20000000            1       8
100             1000000000000000000 5000000000000000    1       9

10000           50000               3000                1       10
10000           1000000             20000               1       11
10000           1000000000          600000              1       12
10000           1000000000000000000 600000000000000000  1       13

8               100                 50                  2       14
10              1000000             200000              3       15
12              10000000000         500000000           2       16
15              1000000000000000000 10000000000000000   3       17

10000           1000000             500                 3       18
10000           10000000000         2000000             2       19
10000           100000000000000     5000000000          3       20
10000           1000000000000000000 20000000000000      2       21
10000           1000000             20000               1       11

# Subtask 7: N <= 1.000.000
#ST: 23
testo/lungomare.input0.txt
testo/lungomare.input1.txt

100             1000                100                 1       6
100             500000              2000                1       7
100             1000000000          20000000            1       8
100             1000000000000000000 5000000000000000    1       9

10000           50000               3000                1       10
10000           1000000             20000               1       11
10000           1000000000          600000              1       12
10000           1000000000000000000 600000000000000000  1       13

8               100                 50                  2       14
10              1000000             200000              3       15
12              10000000000         500000000           2       16
15              1000000000000000000 10000000000000000   3       17

10000           1000000             500                 3       18
10000           10000000000         2000000             2       19
10000           100000000000000     5000000000          3       20
10000           1000000000000000000 20000000000000      2       21
10000           1000000             20000               1       11

1000000         10000000            5                   2       22
1000000         1000000000          1000                3       23
1000000         100000000000        300000              2       24
1000000         100000000000000     1000000000          3       25

# Subtask 8: no limits
#ST: 11
testo/lungomare.input0.txt
testo/lungomare.input1.txt

30              100                 20                  0       2
1000            1000000             600000              0       3
1000000         1000000000000000000 499999999999999990  0       4
10000000        1000000000000000000 499999000000000000  0       5
10000000        1000000000000000000 3461426000000000    0       51

100             1000                100                 1       6
100             500000              2000                1       7
100             1000000000          20000000            1       8
100             1000000000000000000 5000000000000000    1       9

10000           50000               3000                1       10
10000           1000000             20000               1       11
10000           1000000000          600000              1       12
10000           1000000000000000000 600000000000000000  1       13

8               100                 50                  2       14
10              1000000             200000              3       15
12              10000000000         500000000           2       16
15              1000000000000000000 10000000000000000   3       17

10000           1000000             500                 3       18
10000           10000000000         2000000             2       19
10000           100000000000000     5000000000          3       20
10000           1000000000000000000 20000000000000      2       21
10000           1000000             20000               1       11

1000000         10000000            5                   2       22
1000000         1000000000          1000                3       23
1000000         100000000000        300000              2       24
1000000         100000000000000     1000000000          3       25

10000000        1000000000000000000 40000000000         0       26
10000000        100000000000000     1000000000          1       27
10000000        1000000000000000000 150000000000        2       28
10000000        1000000000000000000 300000000000        3       29
10000000        1000000000000000000 600000000000        2       30
10000000        1000000000000000000 80000000000         3       31
