# Seed Kind ...
#      Kind == 0:
#                 N     ST      D
#      Kind == 1:
#                 N     ST      Nchain  Kchain  Ncycle  Kcycle

#ST: 5
0 -1

#ST: 14
# S == 1, K == 0, D == 1
1  0    100      1      1
2  0   1000      1      1
3  0   3000      1      1
4  0   5000      1      1
5  0  10000      1      1

#ST: 21
# N, S, C <= 100
6  0    100     10      5
7  0    100     20      5
8  1    100     20     10   10     5    10
9  1    100    100     10   20    50    50
10 0    100    100      5

#ST: 24
# S*N <= 100000, C < 100...
11 0    100   1000      5
12 0    500    200      5
13 0    200    200     10
14 0    100   1000      5
15 0   1000    100      5

#ST: 36
# S*N <= 1000000, S*C < 10000000
16 1   1000   1000   1000 800    50  1000
17 1   1000   1000      1 500   100   500
18 1   1000   1000     20 500    50 10000
19 1   1000   1000     10 500  5000   100
20 1   1000   1000     10 800    40 20000
21 1   1000   1000     10 800     1 800000
22 1  10000    100      1   1     1 900000
23 1  10000    100      1   1   100  5000
24 1  10000    100     10 100    10 80000
25 1  20000     50     10 100    40 20000
