# N	M	T	S

#ST: 5
# Esempio
1	1	-1	1

#ST: 16
# M = N + 2
10	12	0	10
100	102	1	13
200	202	2	16
300	302	2	16
400	402	1	23
500	502	2	34

#ST: 22
# Grado <= 2
1000	1500	3	283
2000	3000	2	221
5000	6000	3	182
7000	10000	2	10029
10000	12345	3	1123

#ST: 27
# Piccolo
1000	1500	0	2001
2000	2400	1	2218
2000	2004	2	1121
3000	3200	0	2212
3000	5000	1	1120
3000	5000	2	2222

#ST: 30
# Generale
10000	15000	0	2231
20000	30000	1	2209
30000	48000	2	1122
50000	68590	0	24890
100000	150000	1	39000
100000	150000	2	99981
