# N		T		S

# Subtask 1: Esempi
#ST: 5
#COPY: testo/paletta.input0.txt
#COPY: testo/paletta.input1.txt

# Subtask 2: N <= 100
#ST: 19
10		0		2
20		15		3
40		-1		4
70		0		5
100		42		6
100		-1		7
100		0		8
100		0		9

# Subtask 3: N <= 5000
#ST: 24
200		-1		10
500		0		11
1000		-1		12
2000		1234		13
3000		0		14
5000		6666		15
5000		-1		16
5000		0		17
4999		0		18
4898		0		19

# Subtask 4: 1 <= T <= 100
#ST: 21
20000		-1		20
70000		90		21
100000		80		22
100000		90		23
100000		-1		24
100000		100		25

# Subtask 5: N <= 100000
#ST: 25
10000		398105		26
20000		-1		27
40000		0		28
80000		0		29
100000		25341		30
100000		-1		31
100000		0		32
99991		0		34

# Subtask 6: Nessuna limitazione
#ST: 6
1500000		0		35
1499997		0		36
1500000		1700000		37
1487654		0		38
1500000		-1		39
