# N (R)     M (C)       W1          W2          D           T   S

#ST: 5
# Caso di esempio
0           0           0           0           0           0   -0

#ST: 7
# Linea
5           0           0           100         3           0   1
50          0           0           1000        43          0   2
5000        0           0           10000       3467        0   3
10000       0           0           100000      4398        0   4
100000      0           0           1000000     99584       0   5
100000      0           0           1000000     995         0   6

#ST: 10
# Cerchio
10          0           0           1000000000  5           1   7
10          0           0           1000000000  5           1   8
10          0           0           1000000000  5           1   9
10          0           0           1000000000  5           1   10
10          0           0           1000000000  5           1   11
10          0           0           1000000000  5           1   12
1000        0           0           1000000000  243         1   13
10000       0           0           10          5000        1   14
10298       0           0           1000000000  237         1   15
99999       0           0           1000000000  23435       1   16
100000      0           0           1000000000  48765       1   17
100000      0           0           1000000000  50000       1   18
100000      0           0           1000000000  50000       1   19
100000      0           0           1000000000  50000       1   20
100000      0           0           1000000000  50000       1   21
100000      0           0           1000000000  50000       1   22
100000      0           0           1000000000  50000       1   23
99998       0           0           1000000000  49999       1   24
99996       0           0           10000       49998       1   25

#ST: 11
# Griglia
10          10          0           1000000000  7           2   26
300         300         0           1000000000  583         2   27
300         10          0           1000000000  7           2   28
300         2           0           1000000000  233         2   29
2           300         0           1000000000  100         2   30
299         123         0           1000000000  332         2   31
300         300         0           1000000000  1           2   32

#ST: 17
# Albero
10          9           0           1000000000  6           3   33
1000        999         0           1000000000  100         3   34
10000       9999        0           1000000000  2736        3   35
100000      99999       0           1000000000  5           3   36
100000      99999       0           1000000000  50000       3   37
100000      99999       0           1000000000  18472       3   38
100000      0           0           1000000     99588       0   39

#ST: 22
# N, M <= 1000
100         1000        0           1000000000  58          3   40
500         1000        0           1000000000  498         3   41
700         1000        0           1000000000  677         3   42
800         1000        0           1000000000  456         3   43
900         1000        0           1000000000  567         3   44
925         1000        0           1000000000  789         3   45
1000        0           0           1000000000  345         1   46
1000        999         0           100000000   678         3   47
100         1000        0           1000000000  4           -1  48
110         1000        0           1000000000  3           -1  49
131         1000        0           1000000000  2           -1  50

#ST: 28
# Nessuna limitazione
100         1000        0           1000000000  76          3   51
1000        100000      0           1000000000  999         3   52
10000       200000      0           1000000000  7847        3   53
10000       700000      0           1000000000  7663        3   54
10000       500000      0           1000000000  7634        3   55
10000       300000      0           1000000000  6778        3   56
100000      0           0           1000000     99387       0   57
100000      0           0           1000000000  48765       1   58
100000      1000000     0           1000000000  78472       3   59
100000      1000000     0           1000000000  98472       3   60
100000      99999       0           1000000000  88472       3   61
2000        1000000     0           1000000000  2           -1  62
3000        1000000     0           1000000000  10          -1  63
4000        1000000     0           1000000000  20          -1  64


