# Formato:  N  P  M  G  S

# TODO: manca l'input di esempio

# istanze piccole
       100       20       20  3   1
      1000      100       30  3   2
      1000      200       30  3   3
      1000     1000       80  3   4

# percorsi piu' lunghi
     10000     2000      300  1   5
     10000     4000      400  1   6
    100000    10000     1000  1   7
    100000    20000     5000  1   8

# input sempre piu' grandi
   1000000   200000   100000  1   9
   1000000   400000   400000  1  10
   1000000   550000   400000  1  11
   1000000   600000   500000  1  12

# spazio dei punti molto grande
1000000000  1000000   500000  2  13
2147483647  1000000   600000  2  14
2147483647  1000000   700000  2  15
2147483647  1000000  1000000  2  16

# piu' densi ma grandi
     20000  1000000    10000  1  17
   2000000  1000000  1000000  1  18
   2000000  1000000  1000000  1  19
