# N         S           T

#ST: 5
# Caso di esempio
6           0           0

#ST: 10
# N <= 10
2           1           2
4           2           2
6           3           3
8           4           2
10          5           2
10          6           2

#ST: 8
# Sono spenti esattamente i computer primi
10          7           1
100         8           1
1000        9           1
10000       10          1
100000      11          1
1000000     12          1
1000000     13          1

#ST: 26
# N <= 1000
20          14          2
50          15          2
100         16          2
500         17          3
800         18          2
999         19          2
1000        20          2

#ST: 28
# N <= 100000
7           21          2
777         22          2
77777       23          2
77777       24          3
88888       25          2
99999       26          2
100000      27          2
100000      28          2

#ST: 23
# Nessun limite
9           29          2
99          30          2
999         31          2
9999        32          2
99999       33          3
999999      34          2
1000000     35          2
1000000     36          2
1000000     37          2
1000000     38          2


