# N         M           T   S

#ST: 5
8           10          1   0   # 0

#ST: 7
10          1           1   1   # 1
100         1           1   2   # 2
1000        1           1   3   # 3
3000        1           1   4   # 4
4000        1           1   5   # 5
5000        1           1   6   # 6

#ST: 12
10000       1           1   7   # 7
100000      1           1   8   # 8
316000      1           1   9   # 9
700000      1           1   10  # 10
800000      1           1   11  # 11
1000000     1           1   12  # 12

#ST: 33
10          10          1   13  # 13
500         10          1   14  # 14
1000        10          1   15  # 15
3000        10          1   16  # 16
4000        10          1   17  # 17
5000        10          1   18  # 18
4000        10          2   31  # 19
5000        10          2   32  # 20

#ST: 35
10000       10          1   19  # 21
100000      10          1   20  # 22
500000      10          1   21  # 23
800000      10          1   22  # 24
900000      10          1   23  # 25
1000000     10          1   24  # 26
900000      10          2   33  # 27
1000000     10          2   34  # 28

#ST: 8
3000000     10000000    1   25  # 29
6000000     10000000    1   26  # 30
9000000     10000000    1   27  # 31
9500000     10000000    1   28  # 32
9900000     10000000    1   29  # 33
10000000    10000000    1   30  # 34
9900000     10000000    2   35  # 35
10000000    10000000    2   36  # 36
