# N     K       H       X       Y       R       T       M       P       S

#ST: 5
0       0       0       0       0       0       0       0       0       0

#ST: 11
5       0       0       0       0       0       0       3       1       1
30      0       0       0       0       0       0       50      1       2
1000    0       0       0       0       0       0       3000    1       3
100000  0       0       0       0       0       0       600000  1       4
10      2       2       30      100     3       0       0       2       5
95      10      4       60      100     7       0       0       2       6
200     13      7       100     70      13      0       0       2       7
5000    90      13      95      85      80      0       0       2       8
20000   20000   0       0       0       50      0       0       2       9
100000  100     30      50      100     10      0       0       2       10

#ST: 25
50      0       0       0       0       0       7       20      1       11
1000    0       0       0       0       0       8       200     1       12
2000    0       0       0       0       0       9000000 2000    1       13
100     10      4       60      50      10      40      0       2       14
1200    20      10      40      70      8       0       0       2       15
3000    25      14      70      35      15      1000    0       2       16
400     19      5       60      45      7       0       0       3       17
1500    7       14      90      15      20      0       0       3       18
2500    10      6       30      70      18      0       0       3       19
3000    10      1       95      10      8       0       0       3       20

#ST: 38
70000   0       0       0       0       0       1000000 1000    1       21
100000  0       0       0       0       0       0       2000    1       22
50000   40      2       30      71      9       800     0       2       23
81234   50000   0       0       0       50      9823    0       2       24
99999   5       19      87      14      39      3478342 0       2       25
70000   10000   1       60      60      60      0       0       3       26
80000   100     6       20      81      39      0       0       3       27
90000   22      40      90      11      45      0       0       3       28
100000  60      3       30      65      50      0       0       3       29
100000  10      1       60      60      60      0       0       3       30

#ST: 21
200000  0       0       0       0       0       0       1500000 1       31
200000  100000  1       80      80      18      0       0       3       32
179999  1000    7       30      75      23      0       0       3       33
200000  50000   1       100     0       17      0       0       2       34
200000  100     14      50      55      25      0       0       3       35
200000  10      7       41      61      50      0       0       3       36
