# N     M       T       S

#ST: 5
5       10      4       -1

#ST: 15
10      15      40      2
20      25      34      3
100     200     200     4
300     500     400     5
1000    1200    1200    6
3000    3300    3100    7
5000    6000    5500    8

#ST: 40
1000    1400    345     9
2000    1985    400     10
3000    3400    490     11
5000    5200    1000    12
7500    10000   1400    13
10000   12000   2000    14

#ST: 40
20000   35000   4000    15
30000   45000   4000    16
50000   85000   1234    17
75000   100000  3456    18
100000  150000  4567    19
100000  200000  5678    20
