# N         H       M       S

# Subtask 1: S <= 0 (casi d'esempio)
#ST: 5
7           4       0       -0
6           4       0       -1

# Subtask 2: H <= 2
#ST: 9
1000000     2       0       2
10000       2       0       3
100000      2       0       4
2000000     2       0       5
928329      2       0       6

# Subtask 3: N <= 50
#ST: 20
50          13      0       7
25          9       8       8
45          12      0       9
50          2       15      10
50          3       0       11
50          7       20      12
50          40      0       13
50          50      30      14

# Subtask 4: N <= 400
#ST: 19
250         33      0       15
200         10      40      16
312         35      0       17
400         2       60      18
400         3       0       19
400         5       80      20
400         150     0       21
400         350     100     22
400         400     10      23
400         400     400     24

# Subtask 5: N <= 5000
#ST: 22
4001        415     200     25
4999        30      0       26
5000        2       300     27
5000        3       0       28
5000        4       500     29
5000        25      0       30
5000        35      1000    31
5000        928     0       32
5000        5000    2000    33
5000        5000    3000    34
5000        5000    5000    35

# Subtask 6: N <= 100000
#ST: 14
50000       7777    0       36
100000      3       500     37
100000      4       0       38
100000      374822  1000    39
100000      82      0       40
100000      99      5000    41
100000      123     0       42
100000      100000  20000   43
100000      100000  50000   44
100000      100000  100000  45

# Subtask 7: N <= MAXN
#ST: 11
999999     99999   0       46
2000000    3       1000    47
2000000    5       0       48
2000000    7       10000   49
2000000    54      0       50
2000000    125     50000   51
2000000    1222    0       52
2000000    100000  200000  53
2000000    1000000 500000  54
2000000    1000000 1000000 55
2000000    1000000 2000000 56
