#ST: 5
  1

# ST N      M      P      T          X       Y       K Seed
#ST: 17
  2  1      1000   1000   200        100000  100000  1 1 # 1
  2  1      5000   4500   100        100000  100000  1 2 # 2
  2  1      25000  20000  100        1000000 1000000 1 3 # 3
  2  1      100000 7000   300        1000000 1000000 1 4 # 4

#ST: 15
  3  4      200    200    400000     1000    1000    3 5 # 5
  3  45     500    400    500000000  1000    1000    3 6 # 6
  3  100    1000   800    400        1000    1000    3 7 # 7
  3  100    2000   1500   600000     1000    1000    3 8 # 8
  3  100    5000   300    600000000  1000    1000    3 9 # 9
  3  100    10000  5000   500        1000    1000    3 10 # 10

#ST: 48
  4  100    500    300    700000     100000  100000  3 11 # 11
  4  400    10000  8000   700000000  100000  100000  3 12 # 12
  4  1500   1000   800    600        100000  100000  3 13 # 13
  4  5000   20000  2000   800000     100000  100000  3 14 # 14
  4  10000  2000   1500   800000000  100000  100000  3 15 # 15
  4  20000  40000  30000  700        100000  100000  3 16 # 16
  4  40000  5000   4000   900000     100000  100000  3 17 # 17
  4  70000  70000  6000   900000000  100000  100000  3 18 # 18
  4  100000 100000 60000  1000000    100000  100000  3 19 # 19

# ST N      M       X0          X1          P       Seed
#ST: 7
  5  100    200     1           1000        20      1
  5  1000   2000    1           100000      30      2
  5  1000   2000    1           100000      90      3
  5  100000 100000  1           1000000000  10      4
  5  100000 100000  500000000   1000000000  90      5
  5  100000 100000  1           1000000000  95      6

#ST: 8
  6  100    200     1           1000        20      1
  6  1000   2000    1           100000      30      2
  6  1000   2000    1           100000      90      3
  6  100000 100000  1           1000000000  10      4
  6  100000 100000  500000000   1000000000  90      5
  6  100000 100000  1           1000000000  95      6
